date,airport,direction,time,destination,flight,airline,airline_source,duration,aircraft,page_date_verified,scraped_at
2026-10-02,DLC,departure,06:45,HGH Hangzhou,CA8951,Air China,text,Duration: 2h 5m,,True,2026-02-21T16:09:37.092873
2026-10-02,DLC,departure,06:50,TNA Jinan,CA8961,Air China,text,Duration: 1h 10m,,True,2026-02-21T16:09:37.092885
2026-10-02,DLC,departure,06:55,WDS Shiyan,CA8937,Air China,text,Duration: 2h 35m,,True,2026-02-21T16:09:37.092892
2026-10-02,DLC,departure,07:00,CGO Zhengzhou,CZ8621,China Southern,text,Duration: 2h 0m,,True,2026-02-21T16:09:37.092898
2026-10-02,DLC,departure,07:00,TAO Qingdao,CZ8619,China Southern,text,Duration: 1h 10m,,True,2026-02-21T16:09:37.092903
2026-10-02,DLC,departure,07:00,VVO Vladivostok,HU463,Hainan Airlines,text,Duration: 2h 0m,,True,2026-02-21T16:09:37.092909
2026-10-02,DLC,departure,07:05,TSN Tianjin,CZ5161,China Southern,text,Duration: 1h 15m,,True,2026-02-21T16:09:37.092915
2026-10-02,DLC,departure,07:05,XIY Xian,CZ6937,China Southern,text,Duration: 2h 55m,,True,2026-02-21T16:09:37.092921
2026-10-02,DLC,departure,07:10,CTU Chengdu,CA8971,Air China,text,Duration: 3h 40m,,True,2026-02-21T16:09:37.092926
2026-10-02,DLC,departure,07:10,SZX Shenzhen,CZ6299,China Southern,text,Duration: 3h 45m,,True,2026-02-21T16:09:37.092931
2026-10-02,DLC,departure,07:15,KHN Nanchang,HU7693,Hainan Airlines,text,Duration: 2h 25m,,True,2026-02-21T16:09:37.093053
2026-10-02,DLC,departure,07:15,NKG Nanjing,CZ6337,China Southern,text,Duration: 1h 55m,,True,2026-02-21T16:09:37.093063
2026-10-02,DLC,departure,07:15,PEK Beijing,CA1606,Air China,text,Duration: 1h 25m,,True,2026-02-21T16:09:37.093069
2026-10-02,DLC,departure,07:20,CAN Guangzhou,CZ6321,China Southern,text,Duration: 3h 35m,,True,2026-02-21T16:09:37.093075
2026-10-02,DLC,departure,07:20,CSX Changsha,CZ6427,China Southern,text,Duration: 2h 55m,,True,2026-02-21T16:09:37.093081
2026-10-02,DLC,departure,07:20,PVG Shanghai,CZ6521,China Southern,text,Duration: 2h 10m,,True,2026-02-21T16:09:37.093087
2026-10-02,DLC,departure,07:25,CGO Zhengzhou,HU7637,Hainan Airlines,text,Duration: 2h 15m,,True,2026-02-21T16:09:37.093092
2026-10-02,DLC,departure,07:30,CKG Chongqing,CZ6579,China Southern,text,Duration: 3h 35m,,True,2026-02-21T16:09:37.093098
2026-10-02,DLC,departure,07:30,PKX Beijing,CZ6125,China Southern,text,Duration: 1h 35m,,True,2026-02-21T16:09:37.093103
2026-10-02,DLC,departure,07:30,PVG Shanghai,CA8953,Air China,text,Duration: 2h 0m,,True,2026-02-21T16:09:37.093109
2026-10-02,DLC,departure,07:35,PVG Shanghai,MU5662,China Eastern,text,Duration: 1h 55m,,True,2026-02-21T16:09:37.093220
2026-10-02,DLC,departure,07:45,NGB Ningbo,9C7611,Spring Airlines,text,Duration: 2h 10m,,True,2026-02-21T16:09:37.093227
2026-10-02,DLC,departure,07:50,ICN Seoul,CZ685,China Southern,text,Duration: 1h 20m,,True,2026-02-21T16:09:37.093233
2026-10-02,DLC,departure,07:55,NKG Nanjing,MU2787,China Eastern,text,Duration: 1h 35m,,True,2026-02-21T16:09:37.093238
2026-10-02,DLC,departure,07:55,WEH Weihai,GS6407,Tianjin Airlines,text,Duration: 0h 55m,,True,2026-02-21T16:09:37.093244
2026-10-02,DLC,departure,08:00,HGH Hangzhou,CZ6439,China Southern,text,Duration: 2h 15m,,True,2026-02-21T16:09:37.093250
2026-10-02,DLC,departure,08:00,NGB Ningbo,CZ5809,China Southern,text,Duration: 2h 10m,,True,2026-02-21T16:09:37.093256
2026-10-02,DLC,departure,08:00,NRT Tokyo,CZ629,China Southern,text,Duration: 3h 10m,,True,2026-02-21T16:09:37.093261
2026-10-02,DLC,departure,08:00,TSN Tianjin,HU7659,Hainan Airlines,text,Duration: 1h 15m,,True,2026-02-21T16:09:37.093267
2026-10-02,DLC,departure,08:05,KHN Nanchang,HU7463,Hainan Airlines,text,Duration: 2h 20m,,True,2026-02-21T16:09:37.093272
2026-10-02,DLC,departure,08:05,NKG Nanjing,MF8086,XiamenAir,text,Duration: 1h 45m,,True,2026-02-21T16:09:37.093361
2026-10-02,DLC,departure,08:05,WUH Wuhan,CZ6425,China Southern,text,Duration: 2h 35m,,True,2026-02-21T16:09:37.093368
2026-10-02,DLC,departure,08:15,NTG Nantong,GS6419,Tianjin Airlines,text,Duration: 1h 55m,,True,2026-02-21T16:09:37.093374
2026-10-02,DLC,departure,08:15,WUX Wuxi,MU2838,China Eastern,text,Duration: 1h 45m,,True,2026-02-21T16:09:37.093380
2026-10-02,DLC,departure,08:15,YIH Yichang,HU7943,Hainan Airlines,text,Duration: 2h 45m,,True,2026-02-21T16:09:37.093386
2026-10-02,DLC,departure,08:20,TFU Chengdu,CZ6433,China Southern,text,Duration: 3h 45m,,True,2026-02-21T16:09:37.093392
2026-10-02,DLC,departure,08:25,TAO Qingdao,QW9876,Qingdao Airlines,text,Duration: 1h 0m,,True,2026-02-21T16:09:37.093398
2026-10-02,DLC,departure,08:25,WUX Wuxi,GJ8739,Loong Air,text,Duration: 1h 50m,,True,2026-02-21T16:09:37.093404
2026-10-02,DLC,departure,08:45,HET Hohhot,9C6731,Spring Airlines,text,Duration: 2h 10m,,True,2026-02-21T16:09:37.093409
2026-10-02,DLC,departure,08:45,SJW Shijiazhuang,9C6115,Spring Airlines,text,Duration: 1h 35m,,True,2026-02-21T16:09:37.093415
2026-10-02,DLC,departure,08:50,NKG Nanjing,HO1719,Juneyao Airlines,text,Duration: 1h 55m,,True,2026-02-21T16:09:37.093510
2026-10-02,DLC,departure,09:00,KHN Nanchang,9C6853,Spring Airlines,text,Duration: 2h 25m,,True,2026-02-21T16:09:37.093520
2026-10-02,DLC,departure,09:00,PEK Beijing,CA8903,Air China,text,Duration: 1h 20m,,True,2026-02-21T16:09:37.093526
2026-10-02,DLC,departure,09:00,PVG Shanghai,MU5674,China Eastern,text,Duration: 1h 55m,,True,2026-02-21T16:09:37.093532
2026-10-02,DLC,departure,09:00,SZX Shenzhen,CZ6325,China Southern,text,Duration: 3h 40m,,True,2026-02-21T16:09:37.093537
2026-10-02,DLC,departure,09:05,PVG Shanghai,CZ6533,China Southern,text,Duration: 2h 15m,,True,2026-02-21T16:09:37.093543
2026-10-02,DLC,departure,09:15,PVG Shanghai,Y87594,Suparna Airlines,text,Duration: 1h 50m,,True,2026-02-21T16:09:37.093549
2026-10-02,DLC,departure,09:15,TNA Jinan,SC8772,Shandong Airlines,text,Duration: 1h 5m,,True,2026-02-21T16:09:37.093554
2026-10-02,DLC,departure,09:20,CSX Changsha,HU7641,Hainan Airlines,text,Duration: 2h 55m,,True,2026-02-21T16:09:37.093560
2026-10-02,DLC,departure,09:50,CGO Zhengzhou,9C7069,Spring Airlines,text,Duration: 2h 5m,,True,2026-02-21T16:09:37.093565
2026-10-02,DLC,departure,09:50,TNA Jinan,SC1195,Shandong Airlines,text,Duration: 1h 20m,,True,2026-02-21T16:09:37.093681
2026-10-02,DLC,departure,09:55,YCU Yuncheng,MF8786,XiamenAir,text,Duration: 2h 10m,,True,2026-02-21T16:09:37.093689
2026-10-02,DLC,departure,10:00,PKX Beijing,CZ6129,China Southern,text,Duration: 1h 35m,,True,2026-02-21T16:09:37.093695
2026-10-02,DLC,departure,10:00,PVG Shanghai,9C8844,Spring Airlines,text,Duration: 2h 0m,,True,2026-02-21T16:09:37.093701
2026-10-02,DLC,departure,10:00,YNT Yantai,GS6431,Tianjin Airlines,text,Duration: 0h 40m,,True,2026-02-21T16:09:37.093707
2026-10-02,DLC,departure,10:05,NKG Nanjing,MU2670,China Eastern,text,Duration: 1h 40m,,True,2026-02-21T16:09:37.093713
2026-10-02,DLC,departure,10:05,NTG Nantong,DZ6350,Donghai Airlines,text,Duration: 2h 0m,,True,2026-02-21T16:09:37.093718
2026-10-02,DLC,departure,10:25,TNA Jinan,GX7856,GX Airlines,text,Duration: 1h 20m,,True,2026-02-21T16:09:37.093725
2026-10-02,DLC,departure,10:30,ICN Seoul,OZ302,Asiana,text,Duration: 1h 10m,,True,2026-02-21T16:09:37.093730
2026-10-02,DLC,departure,10:35,JSJ Jiansanjiang,SC4733,Shandong Airlines,text,Duration: 2h 15m,,True,2026-02-21T16:09:37.093736
2026-10-02,DLC,departure,10:45,PVG Shanghai,HO1162,Juneyao Airlines,text,Duration: 2h 5m,,True,2026-02-21T16:09:37.093841
2026-10-02,DLC,departure,10:45,WUH Wuhan,CZ6211,China Southern,text,Duration: 2h 30m,,True,2026-02-21T16:09:37.093850
2026-10-02,DLC,departure,10:45,YTY Yangzhou,9C6777,Spring Airlines,text,Duration: 1h 40m,,True,2026-02-21T16:09:37.093857
2026-10-02,DLC,departure,10:50,CAN Guangzhou,CZ6199,China Southern,text,Duration: 3h 35m,,True,2026-02-21T16:09:37.093863
2026-10-02,DLC,departure,10:55,YNT Yantai,MU6522,China Eastern,text,Duration: 0h 50m,,True,2026-02-21T16:09:37.093868
2026-10-02,DLC,departure,11:05,NGB Ningbo,MU6560,China Eastern,text,Duration: 1h 50m,,True,2026-02-21T16:09:37.093874
2026-10-02,DLC,departure,11:15,XIY Xian,GS7656,Tianjin Airlines,text,Duration: 2h 50m,,True,2026-02-21T16:09:37.093880
2026-10-02,DLC,departure,11:30,PKX Beijing,CZ6123,China Southern,text,Duration: 1h 35m,,True,2026-02-21T16:09:37.093886
2026-10-02,DLC,departure,11:30,SHA Shanghai,MU5684,China Eastern,text,Duration: 2h 5m,,True,2026-02-21T16:09:37.093891
2026-10-02,DLC,departure,11:40,"JUZ Quzhou, Zhejiang Province",G54087,Gestair,text,Duration: 2h 30m,,True,2026-02-21T16:09:37.093897
2026-10-02,DLC,departure,11:45,PVG Shanghai,CZ6447,China Southern,text,Duration: 2h 5m,,True,2026-02-21T16:09:37.094004
2026-10-02,DLC,departure,11:50,YNT Yantai,MU6450,China Eastern,text,Duration: 0h 55m,,True,2026-02-21T16:09:37.094012
2026-10-02,DLC,departure,12:00,XUZ Xuzhou,GJ8351,Loong Air,text,Duration: 1h 40m,,True,2026-02-21T16:09:37.094017
2026-10-02,DLC,departure,12:05,XIY Xian,CZ6349,China Southern,text,Duration: 2h 50m,,True,2026-02-21T16:09:37.094023
2026-10-02,DLC,departure,12:10,LYG Lianyungang,DZ6242,Donghai Airlines,text,Duration: 1h 25m,,True,2026-02-21T16:09:37.094028
2026-10-02,DLC,departure,12:10,TAO Qingdao,SC4837,Shandong Airlines,text,Duration: 1h 0m,,True,2026-02-21T16:09:37.094034
2026-10-02,DLC,departure,12:10,XMN Xiamen,MF8790,XiamenAir,text,Duration: 3h 5m,,True,2026-02-21T16:09:37.094040
2026-10-02,DLC,departure,12:15,HKG Hong Kong,CA105,Air China,text,Duration: 4h 0m,,True,2026-02-21T16:09:37.094047
2026-10-02,DLC,departure,12:15,KIX Osaka,9C6987,Spring Airlines,text,Duration: 2h 15m,,True,2026-02-21T16:09:37.094052
2026-10-02,DLC,departure,12:25,HDG Handan,G54302,Gestair,text,Duration: 1h 40m,,True,2026-02-21T16:09:37.094058
2026-10-02,DLC,departure,12:30,CAN Guangzhou,CZ6457,China Southern,text,Duration: 3h 45m,,True,2026-02-21T16:09:37.094146
2026-10-02,DLC,departure,12:35,HGH Hangzhou,SC2112,Shandong Airlines,text,Duration: 2h 10m,,True,2026-02-21T16:09:37.094154
2026-10-02,DLC,departure,12:35,SQD Shangrao,AQ1718,9 Air,text,Duration: 2h 45m,,True,2026-02-21T16:09:37.094159
2026-10-02,DLC,departure,12:45,DOY Dongying,HU7260,Hainan Airlines,text,Duration: 1h 5m,,True,2026-02-21T16:09:37.094164
2026-10-02,DLC,departure,12:45,PVG Shanghai,CZ6523,China Southern,text,Duration: 2h 0m,,True,2026-02-21T16:09:37.094170
2026-10-02,DLC,departure,12:45,XIY Xian,MU2298,China Eastern,text,Duration: 2h 35m,,True,2026-02-21T16:09:37.094176
2026-10-02,DLC,departure,12:55,TFU Chengdu,3U6422,Sichuan Airlines,text,Duration: 3h 25m,,True,2026-02-21T16:09:37.094181
2026-10-02,DLC,departure,12:55,WUH Wuhan,GS6652,Tianjin Airlines,text,Duration: 2h 30m,,True,2026-02-21T16:09:37.094186
2026-10-02,DLC,departure,13:00,HND Tokyo,JL24,JAL,text,Duration: 2h 55m,,True,2026-02-21T16:09:37.094192
2026-10-02,DLC,departure,13:00,URC Urumqi,CZ6965,China Southern,text,Duration: 4h 55m,,True,2026-02-21T16:09:37.094197
2026-10-02,DLC,departure,13:15,NRT Tokyo,NH904,ANA,text,Duration: 3h 0m,,True,2026-02-21T16:09:37.094290
2026-10-02,DLC,departure,13:15,TAO Qingdao,CZ5721,China Southern,text,Duration: 1h 0m,,True,2026-02-21T16:09:37.094297
2026-10-02,DLC,departure,13:20,FUG Fuyang,GX8952,GX Airlines,text,Duration: 1h 55m,,True,2026-02-21T16:09:37.094303
2026-10-02,DLC,departure,13:25,PEK Beijing,CA8909,Air China,text,Duration: 1h 30m,,True,2026-02-21T16:09:37.094310
2026-10-02,DLC,departure,13:30,CGO Zhengzhou,MF8046,XiamenAir,text,Duration: 2h 0m,,True,2026-02-21T16:09:37.094315
2026-10-02,DLC,departure,13:30,LYI Linyi,OQ2364,Chongqing Airlines,text,Duration: 1h 15m,,True,2026-02-21T16:09:37.094321
2026-10-02,DLC,departure,13:30,PKX Beijing,CZ6121,China Southern,text,Duration: 1h 25m,,True,2026-02-21T16:09:37.094327
2026-10-02,DLC,departure,13:30,SJW Shijiazhuang,HU7625,Hainan Airlines,text,Duration: 1h 25m,,True,2026-02-21T16:09:37.094333
2026-10-02,DLC,departure,13:30,TNA Jinan,SC8411,Shandong Airlines,text,Duration: 1h 10m,,True,2026-02-21T16:09:37.094339
2026-10-02,DLC,departure,13:40,TFU Chengdu,CA8925,Air China,text,Duration: 3h 35m,,True,2026-02-21T16:09:37.094344
2026-10-02,DLC,departure,13:55,NKG Nanjing,EU2255,Chengdu Airlines,text,Duration: 1h 50m,,True,2026-02-21T16:09:37.094437
2026-10-02,DLC,departure,13:55,NKG Nanjing,MU2774,China Eastern,text,Duration: 1h 45m,,True,2026-02-21T16:09:37.094445
2026-10-02,DLC,departure,13:55,TVS Tangshan,GS6417,Tianjin Airlines,text,Duration: 1h 20m,,True,2026-02-21T16:09:37.094451
2026-10-02,DLC,departure,13:55,WUX Wuxi,MU2748,China Eastern,text,Duration: 1h 55m,,True,2026-02-21T16:09:37.094457
2026-10-02,DLC,departure,14:00,ICN Seoul,CZ695,China Southern,text,Duration: 1h 15m,,True,2026-02-21T16:09:37.094463
2026-10-02,DLC,departure,14:05,YNJ Yanji,CZ5145,China Southern,text,Duration: 1h 50m,,True,2026-02-21T16:09:37.094469
2026-10-02,DLC,departure,14:15,TSN Tianjin,HU7498,Hainan Airlines,text,Duration: 0h 55m,,True,2026-02-21T16:09:37.094475
2026-10-02,DLC,departure,14:20,PEK Beijing,CA8905,Air China,text,Duration: 1h 20m,,True,2026-02-21T16:09:37.094481
2026-10-02,DLC,departure,14:30,HGH Hangzhou,CZ6449,China Southern,text,Duration: 2h 10m,,True,2026-02-21T16:09:37.094487
2026-10-02,DLC,departure,14:30,ICN Seoul,KE874,Korean Air,text,Duration: 1h 25m,,True,2026-02-21T16:09:37.094493
2026-10-02,DLC,departure,14:35,CAN Guangzhou,CZ3607,China Southern,text,Duration: 3h 40m,,True,2026-02-21T16:09:37.094600
2026-10-02,DLC,departure,14:45,NKG Nanjing,MU2992,China Eastern,text,Duration: 1h 45m,,True,2026-02-21T16:09:37.094609
2026-10-02,DLC,departure,14:55,HZA Heze,GJ8986,Loong Air,text,Duration: 1h 45m,,True,2026-02-21T16:09:37.094615
2026-10-02,DLC,departure,15:00,SZX Shenzhen,CZ6327,China Southern,text,Duration: 3h 45m,,True,2026-02-21T16:09:37.094620
2026-10-02,DLC,departure,15:00,TFU Chengdu,CZ6435,China Southern,text,Duration: 3h 35m,,True,2026-02-21T16:09:37.094626
2026-10-02,DLC,departure,15:10,WNZ Wenzhou,DR6592,Ruili Airlines,text,Duration: 2h 15m,,True,2026-02-21T16:09:37.094631
2026-10-02,DLC,departure,15:15,YNZ Yancheng,9C7553,Spring Airlines,text,Duration: 1h 35m,,True,2026-02-21T16:09:37.094637
2026-10-02,DLC,departure,15:20,KMG Kunming,MU5800,China Eastern,text,Duration: 4h 0m,,True,2026-02-21T16:09:37.094642
2026-10-02,DLC,departure,15:25,WUH Wuhan,CZ6514,China Southern,text,Duration: 2h 30m,,True,2026-02-21T16:09:37.094648
2026-10-02,DLC,departure,15:30,TYN Taiyuan,HU7046,Hainan Airlines,text,Duration: 1h 40m,,True,2026-02-21T16:09:37.094653
2026-10-02,DLC,departure,15:35,HGH Hangzhou,HO2032,Juneyao Airlines,text,Duration: 2h 15m,,True,2026-02-21T16:09:37.094757
2026-10-02,DLC,departure,15:50,TFU Chengdu,CA8927,Air China,text,Duration: 3h 45m,,True,2026-02-21T16:09:37.094765
2026-10-02,DLC,departure,15:50,TYN Taiyuan,FU6732,Fuzhou Airline,text,Duration: 1h 40m,,True,2026-02-21T16:09:37.094770
2026-10-02,DLC,departure,15:55,PVG Shanghai,CZ6535,China Southern,text,Duration: 2h 10m,,True,2026-02-21T16:09:37.094776
2026-10-02,DLC,departure,15:55,TSN Tianjin,CA2932,Air China,text,Duration: 1h 20m,,True,2026-02-21T16:09:37.094782
2026-10-02,DLC,departure,16:00,CAN Guangzhou,CZ6467,China Southern,text,Duration: 3h 45m,,True,2026-02-21T16:09:37.094787
2026-10-02,DLC,departure,16:00,CGO Zhengzhou,QW6102,Qingdao Airlines,text,Duration: 1h 50m,,True,2026-02-21T16:09:37.094793
2026-10-02,DLC,departure,16:05,NKG Nanjing,HO2158,Juneyao Airlines,text,Duration: 1h 50m,,True,2026-02-21T16:09:37.094799
2026-10-02,DLC,departure,16:20,XMN Xiamen,CZ6710,China Southern,text,Duration: 3h 10m,,True,2026-02-21T16:09:37.094804
2026-10-02,DLC,departure,16:30,PKX Beijing,CZ6127,China Southern,text,Duration: 1h 25m,,True,2026-02-21T16:09:37.094810
2026-10-02,DLC,departure,16:30,SJW Shijiazhuang,CZ6953,China Southern,text,Duration: 1h 35m,,True,2026-02-21T16:09:37.094920
2026-10-02,DLC,departure,16:30,TSN Tianjin,GS7822,Tianjin Airlines,text,Duration: 1h 5m,,True,2026-02-21T16:09:37.094929
2026-10-02,DLC,departure,16:35,HFE Hefei,MU6640,China Eastern,text,Duration: 1h 55m,,True,2026-02-21T16:09:37.094936
2026-10-02,DLC,departure,16:40,TNA Jinan,SC8043,Shandong Airlines,text,Duration: 1h 5m,,True,2026-02-21T16:09:37.094941
2026-10-02,DLC,departure,16:45,CSX Changsha,CZ6611,China Southern,text,Duration: 2h 50m,,True,2026-02-21T16:09:37.094947
2026-10-02,DLC,departure,16:50,RIZ Rizhao,3U6428,Sichuan Airlines,text,Duration: 1h 15m,,True,2026-02-21T16:09:37.094953
2026-10-02,DLC,departure,16:50,TNA Jinan,9C6596,Spring Airlines,text,Duration: 1h 20m,,True,2026-02-21T16:09:37.094959
2026-10-02,DLC,departure,16:50,YNT Yantai,MU2620,China Eastern,text,Duration: 0h 50m,,True,2026-02-21T16:09:37.094964
2026-10-02,DLC,departure,16:55,XUZ Xuzhou,GJ8679,Loong Air,text,Duration: 1h 40m,,True,2026-02-21T16:09:37.094970
2026-10-02,DLC,departure,17:00,NTG Nantong,ZH8694,Shenzhen Airlines,text,Duration: 2h 0m,,True,2026-02-21T16:09:37.094976
2026-10-02,DLC,departure,17:00,TNA Jinan,SC8041,Shandong Airlines,text,Duration: 1h 20m,,True,2026-02-21T16:09:37.095082
2026-10-02,DLC,departure,17:05,TAO Qingdao,SC4734,Shandong Airlines,text,Duration: 1h 5m,,True,2026-02-21T16:09:37.095090
2026-10-02,DLC,departure,17:15,CTU Chengdu,CA8981,Air China,text,Duration: 3h 40m,,True,2026-02-21T16:09:37.095096
2026-10-02,DLC,departure,17:15,PVG Shanghai,HO1164,Juneyao Airlines,text,Duration: 2h 5m,,True,2026-02-21T16:09:37.095101
2026-10-02,DLC,departure,17:30,HGH Hangzhou,CZ6799,China Southern,text,Duration: 2h 20m,,True,2026-02-21T16:09:37.095107
2026-10-02,DLC,departure,17:35,XIY Xian,CZ5531,China Southern,text,Duration: 2h 50m,,True,2026-02-21T16:09:37.095112
2026-10-02,DLC,departure,17:55,TSN Tianjin,GS6414,Tianjin Airlines,text,Duration: 1h 10m,,True,2026-02-21T16:09:37.095118
2026-10-02,DLC,departure,18:05,YNT Yantai,GS7414,Tianjin Airlines,text,Duration: 0h 45m,,True,2026-02-21T16:09:37.095124
2026-10-02,DLC,departure,18:20,CIH Changzhi,G54936,Gestair,text,Duration: 1h 55m,,True,2026-02-21T16:09:37.095130
2026-10-02,DLC,departure,18:30,CAN Guangzhou,CZ3603,China Southern,text,Duration: 3h 55m,,True,2026-02-21T16:09:37.095136
2026-10-02,DLC,departure,18:30,PEK Beijing,CA8901,Air China,text,Duration: 1h 30m,,True,2026-02-21T16:09:37.095239
2026-10-02,DLC,departure,18:30,PKX Beijing,CZ6133,China Southern,text,Duration: 1h 35m,,True,2026-02-21T16:09:37.095248
2026-10-02,DLC,departure,18:40,FOC Fuzhou,MF8026,XiamenAir,text,Duration: 2h 50m,,True,2026-02-21T16:09:37.095254
2026-10-02,DLC,departure,18:50,PVG Shanghai,CZ6525,China Southern,text,Duration: 2h 10m,,True,2026-02-21T16:09:37.095259
2026-10-02,DLC,departure,19:00,CSX Changsha,CZ8528,China Southern,text,Duration: 3h 0m,,True,2026-02-21T16:09:37.095265
2026-10-02,DLC,departure,19:00,WUH Wuhan,HU7064,Hainan Airlines,text,Duration: 2h 30m,,True,2026-02-21T16:09:37.095270
2026-10-02,DLC,departure,19:05,CSX Changsha,MF8054,XiamenAir,text,Duration: 3h 0m,,True,2026-02-21T16:09:37.095276
2026-10-02,DLC,departure,19:05,SHA Shanghai,MU5698,China Eastern,text,Duration: 2h 5m,,True,2026-02-21T16:09:37.095282
2026-10-02,DLC,departure,19:10,ICN Seoul,CZ675,China Southern,text,Duration: 1h 20m,,True,2026-02-21T16:09:37.095287
2026-10-02,DLC,departure,19:10,WHA Wuhu,GT1024,Air Guilin,text,Duration: 2h 10m,,True,2026-02-21T16:09:37.095293
2026-10-02,DLC,departure,19:15,YTY Yangzhou,ZH8894,Shenzhen Airlines,text,Duration: 1h 40m,,True,2026-02-21T16:09:37.095406
2026-10-02,DLC,departure,19:20,CGO Zhengzhou,CZ6644,China Southern,text,Duration: 2h 0m,,True,2026-02-21T16:09:37.095418
2026-10-02,DLC,departure,19:20,TSN Tianjin,GS7458,Tianjin Airlines,text,Duration: 1h 15m,,True,2026-02-21T16:09:37.095426
2026-10-02,DLC,departure,19:30,HIA Huai'an,MF8090,XiamenAir,text,Duration: 1h 35m,,True,2026-02-21T16:09:37.095433
2026-10-02,DLC,departure,19:30,PEK Beijing,CA8907,Air China,text,Duration: 1h 15m,,True,2026-02-21T16:09:37.095440
2026-10-02,DLC,departure,19:40,SJW Shijiazhuang,HU7474,Hainan Airlines,text,Duration: 1h 40m,,True,2026-02-21T16:09:37.095447
2026-10-02,DLC,departure,19:40,SZX Shenzhen,CZ5146,China Southern,text,Duration: 3h 40m,,True,2026-02-21T16:09:37.095454
2026-10-02,DLC,departure,19:45,NKG Nanjing,MU2784,China Eastern,text,Duration: 1h 45m,,True,2026-02-21T16:09:37.095461
2026-10-02,DLC,departure,19:55,DQA Daqing,CZ6200,China Southern,text,Duration: 1h 50m,,True,2026-02-21T16:09:37.095468
2026-10-02,DLC,departure,19:55,TAO Qingdao,SC4742,Shandong Airlines,text,Duration: 1h 10m,,True,2026-02-21T16:09:37.095476
2026-10-02,DLC,departure,20:00,ICN Seoul,KE876,Korean Air,text,Duration: 1h 20m,,True,2026-02-21T16:09:37.095613
2026-10-02,DLC,departure,20:00,TNA Jinan,SC8807,Shandong Airlines,text,Duration: 0h 55m,,True,2026-02-21T16:09:37.095622
2026-10-02,DLC,departure,20:05,HGH Hangzhou,MF8062,XiamenAir,text,Duration: 2h 5m,,True,2026-02-21T16:09:37.095629
2026-10-02,DLC,departure,20:15,CKG Chongqing,3U8008,Sichuan Airlines,text,Duration: 3h 10m,,True,2026-02-21T16:09:37.095637
2026-10-02,DLC,departure,20:20,PKX Beijing,CA8687,Air China,text,Duration: 1h 25m,,True,2026-02-21T16:09:37.095643
2026-10-02,DLC,departure,20:25,TYN Taiyuan,HU6038,Hainan Airlines,text,Duration: 1h 35m,,True,2026-02-21T16:09:37.095649
2026-10-02,DLC,departure,20:30,PVG Shanghai,MU5624,China Eastern,text,Duration: 2h 0m,,True,2026-02-21T16:09:37.095655
2026-10-02,DLC,departure,20:50,NKG Nanjing,HO1728,Juneyao Airlines,text,Duration: 1h 55m,,True,2026-02-21T16:09:37.095660
2026-10-02,DLC,departure,20:55,PVG Shanghai,9C8982,Spring Airlines,text,Duration: 2h 15m,,True,2026-02-21T16:09:37.095666
2026-10-02,DLC,departure,21:00,PKX Beijing,CZ6131,China Southern,text,Duration: 1h 35m,,True,2026-02-21T16:09:37.095672
2026-10-02,DLC,departure,21:05,LHW Lanzhou,MU9964,China Eastern,text,Duration: 2h 50m,,True,2026-02-21T16:09:37.095792
2026-10-02,DLC,departure,21:10,PVG Shanghai,HO1166,Juneyao Airlines,text,Duration: 2h 5m,,True,2026-02-21T16:09:37.095800
2026-10-02,DLC,departure,21:10,YNT Yantai,GS6411,Tianjin Airlines,text,Duration: 0h 50m,,True,2026-02-21T16:09:37.095806
2026-10-02,DLC,departure,21:20,YNT Yantai,MU6584,China Eastern,text,Duration: 0h 50m,,True,2026-02-21T16:09:37.095812
2026-10-02,DLC,departure,21:45,PEK Beijing,HU7104,Hainan Airlines,text,Duration: 1h 30m,,True,2026-02-21T16:09:37.095824
2026-10-02,DLC,departure,22:10,HGH Hangzhou,GJ8286,Loong Air,text,Duration: 2h 20m,,True,2026-02-21T16:09:37.095832
2026-10-02,DLC,departure,22:15,CZX Changzhou,MU2674,China Eastern,text,Duration: 1h 35m,,True,2026-02-21T16:09:37.095838
2026-10-02,DLC,departure,22:25,TAO Qingdao,QW9852,Qingdao Airlines,text,Duration: 1h 0m,,True,2026-02-21T16:09:37.095844
2026-10-02,DLC,departure,22:35,TYN Taiyuan,MU9930,China Eastern,text,Duration: 1h 40m,,True,2026-02-21T16:09:37.095849
2026-10-02,DLC,departure,22:55,TSN Tianjin,CA2918,Air China,text,Duration: 1h 15m,,True,2026-02-21T16:09:37.095855
2026-10-02,DLC,departure,23:00,CGO Zhengzhou,FM9506,Shanghai Airlines,text,Duration: 2h 0m,,True,2026-02-21T16:09:37.095977
2026-10-02,DLC,arrival,00:05,XIY Xian,CZ5532,China Southern,text,Duration: 2h 25m,,True,2026-02-21T16:09:42.854045
2026-10-02,DLC,arrival,00:10,PVG Shanghai,MU5661,China Eastern,text,Duration: 1h 55m,,True,2026-02-21T16:09:42.854055
2026-10-02,DLC,arrival,00:25,CAN Guangzhou,CZ6468,China Southern,text,Duration: 3h 20m,,True,2026-02-21T16:09:42.854062
2026-10-02,DLC,arrival,07:25,TAO Qingdao,QW9875,Qingdao Airlines,text,Duration: 1h 0m,,True,2026-02-21T16:09:42.854068
2026-10-02,DLC,arrival,08:15,TNA Jinan,SC8771,Shandong Airlines,text,Duration: 1h 15m,,True,2026-02-21T16:09:42.854074
2026-10-02,DLC,arrival,08:15,PVG Shanghai,Y87593,Suparna Airlines,text,Duration: 1h 50m,,True,2026-02-21T16:09:42.854080
2026-10-02,DLC,arrival,09:00,PVG Shanghai,9C8843,Spring Airlines,text,Duration: 2h 15m,,True,2026-02-21T16:09:42.854086
2026-10-02,DLC,arrival,09:00,YNT Yantai,GS7413,Tianjin Airlines,text,Duration: 0h 50m,,True,2026-02-21T16:09:42.854093
2026-10-02,DLC,arrival,09:00,PEK Beijing,HU7103,Hainan Airlines,text,Duration: 1h 30m,,True,2026-02-21T16:09:42.854099
2026-10-02,DLC,arrival,09:05,NTG Nantong,DZ6349,Donghai Airlines,text,Duration: 1h 35m,,True,2026-02-21T16:09:42.854107
2026-10-02,DLC,arrival,09:05,NKG Nanjing,MU2773,China Eastern,text,Duration: 1h 45m,,True,2026-02-21T16:09:42.854248
2026-10-02,DLC,arrival,09:20,ICN Seoul,OZ301,Asiana,text,Duration: 1h 15m,,True,2026-02-21T16:09:42.854260
2026-10-02,DLC,arrival,09:25,TNA Jinan,GX7855,GX Airlines,text,Duration: 1h 10m,,True,2026-02-21T16:09:42.854269
2026-10-02,DLC,arrival,09:35,TAO Qingdao,SC4733,Shandong Airlines,text,Duration: 1h 0m,,True,2026-02-21T16:09:42.854277
2026-10-02,DLC,arrival,09:40,CGO Zhengzhou,9C7070,Spring Airlines,text,Duration: 1h 55m,,True,2026-02-21T16:09:42.854286
2026-10-02,DLC,arrival,09:40,PKX Beijing,CZ6132,China Southern,text,Duration: 1h 20m,,True,2026-02-21T16:09:42.854295
2026-10-02,DLC,arrival,09:45,PVG Shanghai,CZ6534,China Southern,text,Duration: 1h 55m,,True,2026-02-21T16:09:42.854303
2026-10-02,DLC,arrival,09:45,PVG Shanghai,HO1161,Juneyao Airlines,text,Duration: 1h 50m,,True,2026-02-21T16:09:42.854312
2026-10-02,DLC,arrival,09:45,YNT Yantai,MU6521,China Eastern,text,Duration: 0h 55m,,True,2026-02-21T16:09:42.854321
2026-10-02,DLC,arrival,09:50,DQA Daqing,CZ6199,China Southern,text,Duration: 1h 50m,,True,2026-02-21T16:09:42.854329
2026-10-02,DLC,arrival,10:00,SHA Shanghai,MU5683,China Eastern,text,Duration: 2h 5m,,True,2026-02-21T16:09:42.854452
2026-10-02,DLC,arrival,10:05,NGB Ningbo,MU6559,China Eastern,text,Duration: 2h 0m,,True,2026-02-21T16:09:42.854462
2026-10-02,DLC,arrival,10:15,TAO Qingdao,CZ8620,China Southern,text,Duration: 1h 5m,,True,2026-02-21T16:09:42.854471
2026-10-02,DLC,arrival,10:15,XIY Xian,GS7655,Tianjin Airlines,text,Duration: 2h 10m,,True,2026-02-21T16:09:42.854479
2026-10-02,DLC,arrival,10:30,TSN Tianjin,CZ5162,China Southern,text,Duration: 1h 10m,,True,2026-02-21T16:09:42.854488
2026-10-02,DLC,arrival,10:40,HDG Handan,G54301,Gestair,text,Duration: 1h 15m,,True,2026-02-21T16:09:42.854497
2026-10-02,DLC,arrival,10:40,HGH Hangzhou,GJ8285,Loong Air,text,Duration: 2h 10m,,True,2026-02-21T16:09:42.854505
2026-10-02,DLC,arrival,10:50,YNT Yantai,MU6449,China Eastern,text,Duration: 0h 40m,,True,2026-02-21T16:09:42.854514
2026-10-02,DLC,arrival,11:00,PEK Beijing,CA1605,Air China,text,Duration: 1h 15m,,True,2026-02-21T16:09:42.854522
2026-10-02,DLC,arrival,11:05,HGH Hangzhou,MF8061,XiamenAir,text,Duration: 2h 0m,,True,2026-02-21T16:09:42.854531
2026-10-02,DLC,arrival,11:10,LYG Lianyungang,DZ6241,Donghai Airlines,text,Duration: 1h 15m,,True,2026-02-21T16:09:42.854641
2026-10-02,DLC,arrival,11:10,TAO Qingdao,SC4838,Shandong Airlines,text,Duration: 0h 55m,,True,2026-02-21T16:09:42.854652
2026-10-02,DLC,arrival,11:15,TNA Jinan,9C6595,Spring Airlines,text,Duration: 1h 10m,,True,2026-02-21T16:09:42.854660
2026-10-02,DLC,arrival,11:15,CAN Guangzhou,CZ3604,China Southern,text,Duration: 3h 40m,,True,2026-02-21T16:09:42.854669
2026-10-02,DLC,arrival,11:20,XMN Xiamen,MF8789,XiamenAir,text,Duration: 2h 50m,,True,2026-02-21T16:09:42.854678
2026-10-02,DLC,arrival,11:25,CIH Changzhi,G54935,Gestair,text,Duration: 1h 30m,,True,2026-02-21T16:09:42.854687
2026-10-02,DLC,arrival,11:35,SQD Shangrao,AQ1717,9 Air,text,Duration: 2h 30m,,True,2026-02-21T16:09:42.854696
2026-10-02,DLC,arrival,11:35,PKX Beijing,CZ6126,China Southern,text,Duration: 1h 25m,,True,2026-02-21T16:09:42.854705
2026-10-02,DLC,arrival,11:35,HGH Hangzhou,SC2111,Shandong Airlines,text,Duration: 2h 0m,,True,2026-02-21T16:09:42.854714
2026-10-02,DLC,arrival,11:40,ICN Seoul,CZ686,China Southern,text,Duration: 1h 15m,,True,2026-02-21T16:09:42.854722
2026-10-02,DLC,arrival,11:40,TSN Tianjin,GS6413,Tianjin Airlines,text,Duration: 1h 5m,,True,2026-02-21T16:09:42.854831
2026-10-02,DLC,arrival,11:40,DOY Dongying,HU7259,Hainan Airlines,text,Duration: 1h 0m,,True,2026-02-21T16:09:42.854842
2026-10-02,DLC,arrival,11:45,HND Tokyo,JL23,JAL,text,Duration: 3h 20m,,True,2026-02-21T16:09:42.854850
2026-10-02,DLC,arrival,11:45,XIY Xian,MU2297,China Eastern,text,Duration: 2h 25m,,True,2026-02-21T16:09:42.854859
2026-10-02,DLC,arrival,11:55,TFU Chengdu,3U6421,Sichuan Airlines,text,Duration: 2h 50m,,True,2026-02-21T16:09:42.854867
2026-10-02,DLC,arrival,11:55,HGH Hangzhou,CA8952,Air China,text,Duration: 2h 0m,,True,2026-02-21T16:09:42.854876
2026-10-02,DLC,arrival,11:55,WUH Wuhan,GS6651,Tianjin Airlines,text,Duration: 2h 0m,,True,2026-02-21T16:09:42.854885
2026-10-02,DLC,arrival,12:00,CGO Zhengzhou,CZ8622,China Southern,text,Duration: 2h 0m,,True,2026-02-21T16:09:42.854894
2026-10-02,DLC,arrival,12:15,NRT Tokyo,NH903,ANA,text,Duration: 3h 15m,,True,2026-02-21T16:09:42.854902
2026-10-02,DLC,arrival,12:15,TNA Jinan,SC8412,Shandong Airlines,text,Duration: 1h 15m,,True,2026-02-21T16:09:42.854911
2026-10-02,DLC,arrival,12:20,CTU Chengdu,CA8982,Air China,text,Duration: 3h 0m,,True,2026-02-21T16:09:42.855001
2026-10-02,DLC,arrival,12:20,FUG Fuyang,GX8951,GX Airlines,text,Duration: 1h 40m,,True,2026-02-21T16:09:42.855008
2026-10-02,DLC,arrival,12:30,PVG Shanghai,CA8954,Air China,text,Duration: 1h 50m,,True,2026-02-21T16:09:42.855015
2026-10-02,DLC,arrival,12:30,PVG Shanghai,CZ6522,China Southern,text,Duration: 1h 55m,,True,2026-02-21T16:09:42.855021
2026-10-02,DLC,arrival,12:30,CGO Zhengzhou,MF8045,XiamenAir,text,Duration: 2h 10m,,True,2026-02-21T16:09:42.855027
2026-10-02,DLC,arrival,12:30,LYI Linyi,OQ2363,Chongqing Airlines,text,Duration: 1h 45m,,True,2026-02-21T16:09:42.855034
2026-10-02,DLC,arrival,12:40,VVO Vladivostok,HU464,Hainan Airlines,text,Duration: 2h 30m,,True,2026-02-21T16:09:42.855040
2026-10-02,DLC,arrival,12:55,NKG Nanjing,EU2256,Chengdu Airlines,text,Duration: 1h 40m,,True,2026-02-21T16:09:42.855046
2026-10-02,DLC,arrival,13:00,PEK Beijing,CA8904,Air China,text,Duration: 1h 35m,,True,2026-02-21T16:09:42.855053
2026-10-02,DLC,arrival,13:00,NGB Ningbo,CZ5810,China Southern,text,Duration: 2h 0m,,True,2026-02-21T16:09:42.855059
2026-10-02,DLC,arrival,13:00,SZX Shenzhen,CZ5145,China Southern,text,Duration: 3h 30m,,True,2026-02-21T16:09:42.855141
2026-10-02,DLC,arrival,13:05,WUX Wuxi,MU2747,China Eastern,text,Duration: 1h 55m,,True,2026-02-21T16:09:42.855149
2026-10-02,DLC,arrival,13:15,TSN Tianjin,HU7497,Hainan Airlines,text,Duration: 1h 15m,,True,2026-02-21T16:09:42.855155
2026-10-02,DLC,arrival,13:25,ICN Seoul,KE873,Korean Air,text,Duration: 1h 25m,,True,2026-02-21T16:09:42.855161
2026-10-02,DLC,arrival,13:30,HGH Hangzhou,CZ6440,China Southern,text,Duration: 2h 10m,,True,2026-02-21T16:09:42.855168
2026-10-02,DLC,arrival,13:30,XIY Xian,CZ6938,China Southern,text,Duration: 2h 25m,,True,2026-02-21T16:09:42.855174
2026-10-02,DLC,arrival,13:40,NKG Nanjing,MU2991,China Eastern,text,Duration: 1h 55m,,True,2026-02-21T16:09:42.855180
2026-10-02,DLC,arrival,13:55,HZA Heze,GJ8985,Loong Air,text,Duration: 1h 35m,,True,2026-02-21T16:09:42.855187
2026-10-02,DLC,arrival,14:00,CSX Changsha,CZ6428,China Southern,text,Duration: 2h 45m,,True,2026-02-21T16:09:42.855193
2026-10-02,DLC,arrival,14:00,PKX Beijing,CZ6130,China Southern,text,Duration: 1h 20m,,True,2026-02-21T16:09:42.855199
2026-10-02,DLC,arrival,14:15,HET Hohhot,9C6732,Spring Airlines,text,Duration: 2h 0m,,True,2026-02-21T16:09:42.855288
2026-10-02,DLC,arrival,14:15,WNZ Wenzhou,DR6591,Ruili Airlines,text,Duration: 2h 10m,,True,2026-02-21T16:09:42.855295
2026-10-02,DLC,arrival,14:20,WUH Wuhan,CZ6513,China Southern,text,Duration: 2h 30m,,True,2026-02-21T16:09:42.855302
2026-10-02,DLC,arrival,14:20,KMG Kunming,MU5799,China Eastern,text,Duration: 3h 40m,,True,2026-02-21T16:09:42.855308
2026-10-02,DLC,arrival,14:30,TYN Taiyuan,HU7045,Hainan Airlines,text,Duration: 1h 45m,,True,2026-02-21T16:09:42.855314
2026-10-02,DLC,arrival,14:35,KHN Nanchang,9C6854,Spring Airlines,text,Duration: 2h 20m,,True,2026-02-21T16:09:42.855320
2026-10-02,DLC,arrival,14:35,NKG Nanjing,HO2157,Juneyao Airlines,text,Duration: 1h 45m,,True,2026-02-21T16:09:42.855326
2026-10-02,DLC,arrival,14:50,CTU Chengdu,CA8972,Air China,text,Duration: 2h 55m,,True,2026-02-21T16:09:42.855333
2026-10-02,DLC,arrival,14:50,TYN Taiyuan,FU6731,Fuzhou Airline,text,Duration: 1h 45m,,True,2026-02-21T16:09:42.855339
2026-10-02,DLC,arrival,14:55,TSN Tianjin,CA2931,Air China,text,Duration: 1h 5m,,True,2026-02-21T16:09:42.855345
2026-10-02,DLC,arrival,14:55,SJW Shijiazhuang,CZ6954,China Southern,text,Duration: 1h 35m,,True,2026-02-21T16:09:42.855439
2026-10-02,DLC,arrival,15:00,CKG Chongqing,CZ6580,China Southern,text,Duration: 2h 50m,,True,2026-02-21T16:09:42.855447
2026-10-02,DLC,arrival,15:00,CGO Zhengzhou,QW6101,Qingdao Airlines,text,Duration: 2h 0m,,True,2026-02-21T16:09:42.855453
2026-10-02,DLC,arrival,15:05,HGH Hangzhou,HO2031,Juneyao Airlines,text,Duration: 2h 0m,,True,2026-02-21T16:09:42.855459
2026-10-02,DLC,arrival,15:20,XMN Xiamen,CZ6709,China Southern,text,Duration: 3h 0m,,True,2026-02-21T16:09:42.855465
2026-10-02,DLC,arrival,15:30,CAN Guangzhou,CZ6322,China Southern,text,Duration: 3h 20m,,True,2026-02-21T16:09:42.855472
2026-10-02,DLC,arrival,15:30,NRT Tokyo,CZ630,China Southern,text,Duration: 3h 5m,,True,2026-02-21T16:09:42.855478
2026-10-02,DLC,arrival,15:30,SZX Shenzhen,CZ6300,China Southern,text,Duration: 3h 30m,,True,2026-02-21T16:09:42.855484
2026-10-02,DLC,arrival,15:30,TSN Tianjin,GS7821,Tianjin Airlines,text,Duration: 1h 10m,,True,2026-02-21T16:09:42.855491
2026-10-02,DLC,arrival,15:30,YNT Yantai,MU2619,China Eastern,text,Duration: 0h 50m,,True,2026-02-21T16:09:42.855497
2026-10-02,DLC,arrival,15:35,HFE Hefei,MU6639,China Eastern,text,Duration: 1h 45m,,True,2026-02-21T16:09:42.855584
2026-10-02,DLC,arrival,15:40,PKX Beijing,CZ6124,China Southern,text,Duration: 1h 25m,,True,2026-02-21T16:09:42.855592
2026-10-02,DLC,arrival,15:40,TNA Jinan,SC8044,Shandong Airlines,text,Duration: 1h 0m,,True,2026-02-21T16:09:42.855598
2026-10-02,DLC,arrival,15:50,RIZ Rizhao,3U6427,Sichuan Airlines,text,Duration: 1h 20m,,True,2026-02-21T16:09:42.855605
2026-10-02,DLC,arrival,15:50,TNA Jinan,SC8808,Shandong Airlines,text,Duration: 1h 10m,,True,2026-02-21T16:09:42.855612
2026-10-02,DLC,arrival,15:55,XUZ Xuzhou,GJ8680,Loong Air,text,Duration: 1h 30m,,True,2026-02-21T16:09:42.855618
2026-10-02,DLC,arrival,16:00,NTG Nantong,ZH8693,Shenzhen Airlines,text,Duration: 1h 45m,,True,2026-02-21T16:09:42.855625
2026-10-02,DLC,arrival,16:05,JSJ Jiansanjiang,SC4734,Shandong Airlines,text,Duration: 2h 30m,,True,2026-02-21T16:09:42.855631
2026-10-02,DLC,arrival,16:15,TNA Jinan,CA8962,Air China,text,Duration: 1h 25m,,True,2026-02-21T16:09:42.855638
2026-10-02,DLC,arrival,16:15,PVG Shanghai,HO1163,Juneyao Airlines,text,Duration: 1h 55m,,True,2026-02-21T16:09:42.855644
2026-10-02,DLC,arrival,16:20,TFU Chengdu,CZ6434,China Southern,text,Duration: 3h 10m,,True,2026-02-21T16:09:42.855758
2026-10-02,DLC,arrival,17:00,TNA Jinan,SC8042,Shandong Airlines,text,Duration: 1h 20m,,True,2026-02-21T16:09:42.855771
2026-10-02,DLC,arrival,17:05,NTG Nantong,GS6420,Tianjin Airlines,text,Duration: 1h 45m,,True,2026-02-21T16:09:42.855781
2026-10-02,DLC,arrival,17:05,YNT Yantai,GS6432,Tianjin Airlines,text,Duration: 0h 35m,,True,2026-02-21T16:09:42.855791
2026-10-02,DLC,arrival,17:15,PEK Beijing,CA8910,Air China,text,Duration: 1h 15m,,True,2026-02-21T16:09:42.855801
2026-10-02,DLC,arrival,17:20,SZX Shenzhen,CZ6326,China Southern,text,Duration: 3h 35m,,True,2026-02-21T16:09:42.855813
2026-10-02,DLC,arrival,17:20,"JUZ Quzhou, Zhejiang Province",G54088,Gestair,text,Duration: 2h 10m,,True,2026-02-21T16:09:42.855825
2026-10-02,DLC,arrival,17:30,PKX Beijing,CZ6122,China Southern,text,Duration: 1h 20m,,True,2026-02-21T16:09:42.855835
2026-10-02,DLC,arrival,17:40,FOC Fuzhou,MF8025,XiamenAir,text,Duration: 2h 40m,,True,2026-02-21T16:09:42.855841
2026-10-02,DLC,arrival,17:40,SHA Shanghai,MU5697,China Eastern,text,Duration: 2h 0m,,True,2026-02-21T16:09:42.855847
2026-10-02,DLC,arrival,17:45,TSN Tianjin,HU7660,Hainan Airlines,text,Duration: 1h 5m,,True,2026-02-21T16:09:42.855981
2026-10-02,DLC,arrival,17:50,CSX Changsha,CZ8527,China Southern,text,Duration: 2h 45m,,True,2026-02-21T16:09:42.855990
2026-10-02,DLC,arrival,17:50,ICN Seoul,CZ696,China Southern,text,Duration: 1h 20m,,True,2026-02-21T16:09:42.855996
2026-10-02,DLC,arrival,17:55,NGB Ningbo,9C7612,Spring Airlines,text,Duration: 1h 50m,,True,2026-02-21T16:09:42.856002
2026-10-02,DLC,arrival,17:55,PVG Shanghai,CZ6524,China Southern,text,Duration: 1h 45m,,True,2026-02-21T16:09:42.856008
2026-10-02,DLC,arrival,18:00,WUH Wuhan,HU7063,Hainan Airlines,text,Duration: 2h 10m,,True,2026-02-21T16:09:42.856014
2026-10-02,DLC,arrival,18:00,YTY Yangzhou,ZH8893,Shenzhen Airlines,text,Duration: 1h 30m,,True,2026-02-21T16:09:42.856019
2026-10-02,DLC,arrival,18:05,WHA Wuhu,GT1023,Air Guilin,text,Duration: 2h 5m,,True,2026-02-21T16:09:42.856025
2026-10-02,DLC,arrival,18:05,CSX Changsha,MF8053,XiamenAir,text,Duration: 2h 40m,,True,2026-02-21T16:09:42.856030
2026-10-02,DLC,arrival,18:15,KIX Osaka,9C6988,Spring Airlines,text,Duration: 2h 45m,,True,2026-02-21T16:09:42.856036
2026-10-02,DLC,arrival,18:15,PEK Beijing,CA8906,Air China,text,Duration: 1h 30m,,True,2026-02-21T16:09:42.856155
2026-10-02,DLC,arrival,18:15,CGO Zhengzhou,CZ6643,China Southern,text,Duration: 2h 0m,,True,2026-02-21T16:09:42.856166
2026-10-02,DLC,arrival,18:20,WEH Weihai,GS6408,Tianjin Airlines,text,Duration: 0h 55m,,True,2026-02-21T16:09:42.856174
2026-10-02,DLC,arrival,18:25,XIY Xian,CZ6350,China Southern,text,Duration: 2h 20m,,True,2026-02-21T16:09:42.856182
2026-10-02,DLC,arrival,18:30,HIA Huai'an,MF8089,XiamenAir,text,Duration: 1h 15m,,True,2026-02-21T16:09:42.856188
2026-10-02,DLC,arrival,18:40,YNJ Yanji,CZ5146,China Southern,text,Duration: 1h 50m,,True,2026-02-21T16:09:42.856196
2026-10-02,DLC,arrival,18:40,SJW Shijiazhuang,HU7473,Hainan Airlines,text,Duration: 1h 15m,,True,2026-02-21T16:09:42.856203
2026-10-02,DLC,arrival,18:45,KHN Nanchang,HU7694,Hainan Airlines,text,Duration: 2h 10m,,True,2026-02-21T16:09:42.856210
2026-10-02,DLC,arrival,18:55,CAN Guangzhou,CZ6200,China Southern,text,Duration: 3h 25m,,True,2026-02-21T16:09:42.856217
2026-10-02,DLC,arrival,18:55,TAO Qingdao,SC4741,Shandong Airlines,text,Duration: 1h 0m,,True,2026-02-21T16:09:42.856225
2026-10-02,DLC,arrival,19:00,ICN Seoul,KE875,Korean Air,text,Duration: 1h 25m,,True,2026-02-21T16:09:42.856336
2026-10-02,DLC,arrival,19:10,CKG Chongqing,3U8007,Sichuan Airlines,text,Duration: 3h 10m,,True,2026-02-21T16:09:42.856345
2026-10-02,DLC,arrival,19:10,WDS Shiyan,CA8938,Air China,text,Duration: 2h 30m,,True,2026-02-21T16:09:42.856352
2026-10-02,DLC,arrival,19:15,PVG Shanghai,MU5623,China Eastern,text,Duration: 2h 5m,,True,2026-02-21T16:09:42.856360
2026-10-02,DLC,arrival,19:20,TYN Taiyuan,HU6037,Hainan Airlines,text,Duration: 1h 35m,,True,2026-02-21T16:09:42.856367
2026-10-02,DLC,arrival,19:30,CGO Zhengzhou,HU7638,Hainan Airlines,text,Duration: 1h 55m,,True,2026-02-21T16:09:42.856374
2026-10-02,DLC,arrival,19:30,KHN Nanchang,HU7464,Hainan Airlines,text,Duration: 2h 15m,,True,2026-02-21T16:09:42.856381
2026-10-02,DLC,arrival,19:50,NKG Nanjing,HO1720,Juneyao Airlines,text,Duration: 1h 45m,,True,2026-02-21T16:09:42.856388
2026-10-02,DLC,arrival,20:00,NKG Nanjing,CZ6338,China Southern,text,Duration: 1h 55m,,True,2026-02-21T16:09:42.856395
2026-10-02,DLC,arrival,20:05,TSN Tianjin,GS7457,Tianjin Airlines,text,Duration: 1h 5m,,True,2026-02-21T16:09:42.856402
2026-10-02,DLC,arrival,20:05,LHW Lanzhou,MU9963,China Eastern,text,Duration: 2h 35m,,True,2026-02-21T16:09:42.856496
2026-10-02,DLC,arrival,20:15,YNT Yantai,GS6412,Tianjin Airlines,text,Duration: 0h 40m,,True,2026-02-21T16:09:42.856505
2026-10-02,DLC,arrival,20:20,NKG Nanjing,MU2788,China Eastern,text,Duration: 1h 55m,,True,2026-02-21T16:09:42.856512
2026-10-02,DLC,arrival,20:20,YNT Yantai,MU6583,China Eastern,text,Duration: 0h 50m,,True,2026-02-21T16:09:42.856518
2026-10-02,DLC,arrival,20:25,HGH Hangzhou,CZ6450,China Southern,text,Duration: 2h 10m,,True,2026-02-21T16:09:42.856525
2026-10-02,DLC,arrival,20:30,PKX Beijing,CZ6128,China Southern,text,Duration: 1h 20m,,True,2026-02-21T16:09:42.856532
2026-10-02,DLC,arrival,20:30,TNA Jinan,SC1196,Shandong Airlines,text,Duration: 1h 10m,,True,2026-02-21T16:09:42.856539
2026-10-02,DLC,arrival,20:35,SJW Shijiazhuang,9C6116,Spring Airlines,text,Duration: 1h 25m,,True,2026-02-21T16:09:42.856547
2026-10-02,DLC,arrival,20:35,PVG Shanghai,HO1165,Juneyao Airlines,text,Duration: 1h 50m,,True,2026-02-21T16:09:42.856554
2026-10-02,DLC,arrival,20:45,YCU Yuncheng,MF8785,XiamenAir,text,Duration: 2h 0m,,True,2026-02-21T16:09:42.856562
2026-10-02,DLC,arrival,20:50,CAN Guangzhou,CZ6458,China Southern,text,Duration: 3h 25m,,True,2026-02-21T16:09:42.856656
2026-10-02,DLC,arrival,20:55,HKG Hong Kong,CA106,Air China,text,Duration: 3h 40m,,True,2026-02-21T16:09:42.856666
2026-10-02,DLC,arrival,20:55,CZX Changzhou,MU2673,China Eastern,text,Duration: 1h 35m,,True,2026-02-21T16:09:42.856672
2026-10-02,DLC,arrival,21:00,PVG Shanghai,9C8981,Spring Airlines,text,Duration: 2h 5m,,True,2026-02-21T16:09:42.856678
2026-10-02,DLC,arrival,21:05,WUH Wuhan,CZ6426,China Southern,text,Duration: 2h 40m,,True,2026-02-21T16:09:42.856684
2026-10-02,DLC,arrival,21:10,XUZ Xuzhou,GJ8352,Loong Air,text,Duration: 1h 30m,,True,2026-02-21T16:09:42.856689
2026-10-02,DLC,arrival,21:15,PVG Shanghai,CZ6536,China Southern,text,Duration: 1h 55m,,True,2026-02-21T16:09:42.856695
2026-10-02,DLC,arrival,21:25,TAO Qingdao,QW9851,Qingdao Airlines,text,Duration: 1h 0m,,True,2026-02-21T16:09:42.856700
2026-10-02,DLC,arrival,21:30,TFU Chengdu,CA8926,Air China,text,Duration: 3h 0m,,True,2026-02-21T16:09:42.856706
2026-10-02,DLC,arrival,21:45,TYN Taiyuan,MU9929,China Eastern,text,Duration: 1h 35m,,True,2026-02-21T16:09:42.856712
2026-10-02,DLC,arrival,21:50,CGO Zhengzhou,FM9505,Shanghai Airlines,text,Duration: 1h 45m,,True,2026-02-21T16:09:42.856810
2026-10-02,DLC,arrival,21:55,TSN Tianjin,CA2917,Air China,text,Duration: 0h 55m,,True,2026-02-21T16:09:42.856818
2026-10-02,DLC,arrival,21:55,WUH Wuhan,CZ6212,China Southern,text,Duration: 2h 5m,,True,2026-02-21T16:09:42.856823
2026-10-02,DLC,arrival,22:05,CSX Changsha,HU7642,Hainan Airlines,text,Duration: 2h 35m,,True,2026-02-21T16:09:42.856829
2026-10-02,DLC,arrival,22:10,YTY Yangzhou,9C6778,Spring Airlines,text,Duration: 1h 40m,,True,2026-02-21T16:09:42.856834
2026-10-02,DLC,arrival,22:15,PVG Shanghai,MU5673,China Eastern,text,Duration: 2h 10m,,True,2026-02-21T16:09:42.856840
2026-10-02,DLC,arrival,22:20,PVG Shanghai,CZ6448,China Southern,text,Duration: 2h 0m,,True,2026-02-21T16:09:42.856845
2026-10-02,DLC,arrival,22:25,PKX Beijing,CZ6134,China Southern,text,Duration: 1h 15m,,True,2026-02-21T16:09:42.856851
2026-10-02,DLC,arrival,22:25,WUX Wuxi,GJ8740,Loong Air,text,Duration: 1h 45m,,True,2026-02-21T16:09:42.856857
2026-10-02,DLC,arrival,22:30,PEK Beijing,CA8902,Air China,text,Duration: 1h 25m,,True,2026-02-21T16:09:42.856862
2026-10-02,DLC,arrival,22:30,WUX Wuxi,MU2837,China Eastern,text,Duration: 1h 40m,,True,2026-02-21T16:09:42.856946
2026-10-02,DLC,arrival,22:40,CAN Guangzhou,CZ3608,China Southern,text,Duration: 3h 20m,,True,2026-02-21T16:09:42.856953
2026-10-02,DLC,arrival,22:45,NKG Nanjing,HO1727,Juneyao Airlines,text,Duration: 1h 45m,,True,2026-02-21T16:09:42.856958
2026-10-02,DLC,arrival,22:50,TFU Chengdu,CZ6436,China Southern,text,Duration: 3h 10m,,True,2026-02-21T16:09:42.856965
2026-10-02,DLC,arrival,22:50,NKG Nanjing,MF8085,XiamenAir,text,Duration: 1h 40m,,True,2026-02-21T16:09:42.856971
2026-10-02,DLC,arrival,22:55,TVS Tangshan,GS6418,Tianjin Airlines,text,Duration: 1h 5m,,True,2026-02-21T16:09:42.856976
2026-10-02,DLC,arrival,23:10,ICN Seoul,CZ676,China Southern,text,Duration: 1h 30m,,True,2026-02-21T16:09:42.856982
2026-10-02,DLC,arrival,23:15,PEK Beijing,CA8908,Air China,text,Duration: 1h 25m,,True,2026-02-21T16:09:42.856987
2026-10-02,DLC,arrival,23:15,URC Urumqi,CZ6966,China Southern,text,Duration: 4h 20m,,True,2026-02-21T16:09:42.856993
2026-10-02,DLC,arrival,23:20,CSX Changsha,CZ6612,China Southern,text,Duration: 2h 45m,,True,2026-02-21T16:09:42.856998
2026-10-02,DLC,arrival,23:25,HGH Hangzhou,CZ6800,China Southern,text,Duration: 2h 10m,,True,2026-02-21T16:09:42.857078
2026-10-02,DLC,arrival,23:35,SZX Shenzhen,CZ6328,China Southern,text,Duration: 3h 35m,,True,2026-02-21T16:09:42.857085
2026-10-02,DLC,arrival,23:40,TFU Chengdu,CA8928,Air China,text,Duration: 3h 0m,,True,2026-02-21T16:09:42.857091
2026-10-02,DLC,arrival,23:50,YIH Yichang,HU7944,Hainan Airlines,text,Duration: 2h 35m,,True,2026-02-21T16:09:42.857097
2026-10-02,DLC,arrival,23:55,PKX Beijing,CA8688,Air China,text,Duration: 0h 55m,,True,2026-02-21T16:09:42.857102
2026-10-02,DLC,arrival,23:55,PVG Shanghai,CZ6526,China Southern,text,Duration: 1h 50m,,True,2026-02-21T16:09:42.857108
2026-10-02,DLC,arrival,23:55,TAO Qingdao,CZ5722,China Southern,text,Duration: 1h 0m,,True,2026-02-21T16:09:42.857114
